{
 "cells": [
  {
   "cell_type": "code",
   "execution_count": 2,
   "id": "2a58cfc1",
   "metadata": {},
   "outputs": [
    {
     "name": "stdout",
     "output_type": "stream",
     "text": [
      "The total amount of paths: 251595969\n",
      "Full matrix: [[1, 1, 1, 1, 1, 1, 1, 1, 1, 1, 1, 1, 1], [1, 3, 5, 7, 9, 11, 13, 15, 17, 19, 21, 23, 25], [1, 5, 13, 25, 41, 61, 85, 113, 145, 181, 221, 265, 313], [1, 7, 25, 63, 129, 231, 377, 575, 833, 1159, 1561, 2047, 2625], [1, 9, 41, 129, 321, 681, 1289, 2241, 3649, 5641, 8361, 11969, 16641], [1, 11, 61, 231, 681, 1683, 3653, 7183, 13073, 22363, 36365, 56695, 85305], [1, 13, 85, 377, 1289, 3653, 8989, 19825, 40081, 75517, 134245, 227305, 369305], [1, 15, 113, 575, 2241, 7183, 19825, 48639, 108545, 224143, 433905, 795455, 1392065], [1, 17, 145, 833, 3649, 13073, 40081, 108545, 265729, 598417, 1256465, 2485825, 4673345], [1, 19, 181, 1159, 5641, 22363, 75517, 224143, 598417, 1462563, 3317445, 7059735, 14218905], [1, 21, 221, 1561, 8361, 36365, 134245, 433905, 1256465, 3317445, 8097453, 18474633, 39753273], [1, 23, 265, 2047, 11969, 56695, 227305, 795455, 2485825, 7059735, 18474633, 45046719, 103274625], [1, 25, 313, 2625, 16641, 85305, 369305, 1392065, 4673345, 14218905, 39753273, 103274625, 251595969]]\n"
     ]
    }
   ],
   "source": [
    "def alignment_path_counter (n, m):\n",
    "    '''\n",
    "    Calculates the number of possible global alignment paths between two \n",
    "    sequences of lengths n and m using dynamic programming.\n",
    "    \n",
    "    This counts paths including horizontal, vertical, and diagonal moves.\n",
    "    '''\n",
    "    # The dimensions of the grid\n",
    "    rows = n + 1\n",
    "    cols = m + 1\n",
    "    \n",
    "    # Creation of the grid\n",
    "    grid = [[0 for _ in range(cols)] for _ in range(rows)]\n",
    "\n",
    "    # Addition of 1 to the first row and column\n",
    "    # Creates the best case where there is only one path\n",
    "    for x in range(rows):\n",
    "        grid[x][0] = 1\n",
    "    for y in range(cols):\n",
    "        grid[0][y] = 1\n",
    "    \n",
    "    # For loop that fills the grid\n",
    "    for x1 in range(1, rows):\n",
    "        for y1 in range(1, cols):\n",
    "            # The number of paths we have to go to each cell is given by adding up the cells values\n",
    "            # on the left (grid[x1][y1-1]), on the top (grid[x1-1][y1]) and the top-left (grid[x1-1][y1-1])\n",
    "            grid[x1][y1] = grid[x1][y1-1] + grid[x1-1][y1] + grid[x1-1][y1-1]\n",
    "    # Returns the whole grid\n",
    "    return(grid)\n",
    "\n",
    "lenN = 12\n",
    "lenM = 12    \n",
    "x = alignment_path_counter(lenN,lenM)\n",
    "print(\"The total amount of paths:\", x[lenN][lenM])\n",
    "print(\"Full matrix:\", x)"
   ]
  }
 ],
 "metadata": {
  "kernelspec": {
   "display_name": "birc_python",
   "language": "python",
   "name": "python3"
  },
  "language_info": {
   "codemirror_mode": {
    "name": "ipython",
    "version": 3
   },
   "file_extension": ".py",
   "mimetype": "text/x-python",
   "name": "python",
   "nbconvert_exporter": "python",
   "pygments_lexer": "ipython3",
   "version": "3.13.11"
  }
 },
 "nbformat": 4,
 "nbformat_minor": 5
}
